1.2
1.5
10
100
1025
105
1075
10
110
1100
112
115
12
120
1200
120
125
12
13
13.5
130
135
1350
135
14
140
15
150
155
15
16
165
170
175
18
180
183
185
190
2.2
2.3
2.30
2.4
2.5
2.8
20
200
202
205
20
210
215
22
220
222
225
226
228
23
230
233
235
24
240
245
25
250
260
270
275
28
285
3.0
3.2
3.3
3.4
3.5
3.6
3.7
30
300
300x
304
320
325
33
330
340
35
350
351
35
36
370
372
377
4.0
4.2
4.3
4.30
4.5
4.9
40
42
420
422
425
435
43501
43529
43530
43564
44
440
45
450
454
460
465
470
48
485
488
5
5.0
5.7
5.8
50
500
500
502
505
525
530
54
55
565
575
58
6
6.2
60
600
628
636
642
65
662
7.3
7.4
7.5
70
700
74
75
78
8
8.1
8.2
80
800
85
85
850
88
888
898
9.5
9.8
9.9
9.9
90
900
95
98
99
d28
